01000111010100111000101011000010100010101101101100111100110010001000011010000000100100110101011000010001110110000100010110110101
11110011111100110101011101111011001001111011001111010010000001010001001011100000101011101011000100010110101001011111011110000111
11101110001010011111000010100100011001010010100110101111000011000111100111000110110010011010101111001000101010110011010101100101
10011101010001101100100001001011010101100100101011000010111110111111101110111111110011001011001001101000010011001110001010111101
10010001000101100100100100011000001110111111000011000011010111101000001000100011010001000001110100001111111110111011111001011101
00100000010001000001011001011001011110110001000011110010111010001101101011111001110100011001111110101010011010011001101110000001
11110110101000100111011110001100000000100010010101010011001011100101111110011101111110000111010010010111010101001101110101000001
10101101111110000110010101001101110110000100000011000111000001101000101011000000101100110111000101001011100001110100101110001010
00000010110100011100011001110111100101010100111101110010111000001111000011110000101011111100001000011001110001000101110100100111
10000110101010101100100011100000110100101111101000100000010100000101011010011011110101010011001111000110101011100000011111010111
11101011100001010100000110110101111000010001111000110011011111000001111000110100000100011010011010101111010000000001010010110100
10101010101110100110100000100101110010011000101101010101011110110111100111011110011010111011010111101010110011011100000110110110
01011101010101101000110001000100010000000011010111111010000100110100111001011011100100011111101101100011110110000000110001010110
01100110100100000000011101010110100101110110111000100110000101110010010111001011001001101101101000010101110101000111010001010001
01001111101111001011011101111111011011000101101001000001101011101000011100000111100111011010110010100101011110011011111111010101
11001111000001101001010001101111000000101001010001011101010010110001001111000111100010101111001010110001010100110110111010100010
00010111001001010011101110101100111110111101000000011100101100000101100001000011000111001100111101111111101001010101011100110011
01011101000101011110110011111111100011101110010100000000011001111111011001100100011111011111010110011000001101010101100001100101
10001011110010101010000101110010110000011111000001111000010101011000001001100000101110100010001010111100011000110001100000111110
01011101100100100110111100011111111110101000010111110110001111000101010111110101000011000001000001010001011100011111110101111101
01111011010010110110111011010101010001100101000111001100011111001111110101000110001001101110111100110001010110110100101001010000
10000000011100011111110100000000100110011001111111011010011111110010010110000000110011010010010010101101100110001010000110101100
10110001101000011000110100010011100011100011101010101000001010111100011011110000001110111110100110101110001111100000110010111010
01001101011111110000000100110001111110101000000010100111100111101101110011011111111110001111000001010110000010101111000111000111
10100101101001010010001000111001010011010110111101010001100101010001010111110001001001011111000001100100100110010010100100111010
01011100110000111011010001010011111001100000010101111111010001011010000110000011000010101101000100100110011100110111101011110111
00110111001111111001100000001100111111101101010110010100011001011010111111000001110011011110001101101001001111010110001010011111
11011110110011101000110000101010000010010001110001010100101010010011000101011111010101100111010010111110000100100101101000011010
00101011110011111111111111100111111010001001000111011010111111110010111101100100000000010011011000100100010101101100100100110010
00101110100100001101000110100110010100100100010110111001001111000001110110110000010111001010011011010111110110110001001100010010
10010100011011101101110000100100000011100101010101111010010111100000100010101000111010010100010010110101100100110101100000001000
00101001010101111011001111000011011101001110011011010001110110011100000111111110110010111101110001000100000101110010100001111100
10110010011000011001101000011110000001110011000011100111111110000111101001011110101010110000101001110001100011101111111000000010
10100001101000001101010111101111111101111010100100111100110010111001100110111010111100001100010010000000001101111111011011100010
10101001001011001001001100000101111010101001001110101100011101011101111100000011010101100111000111011001100110101010001011101010
01100110100110001100100110111111110010001111101001100001101111001011111000011111110101101000001101010110101110101100110101100000
11100101111000111011000000101100110101111100101011000000001010101000011110110110000101000001110000111111011100001101000100100100
00110001111110110010001001000010101011111010001001011000110111110001100011111000010000100000011110000011101010111110000111100100
11010100101101101111010001001001000100110100100010001000001010101111010011001111011110010101100000000010001111110011111111100010
00110111101100001011000001100101010010101100001011010111001001010110111110010001100001100010001111101110110000110011011110011000
00101011010010000000111111111000000011101000100101001011001010110010110011001110111101110001000011111001011001111111000001101000
11100111111000001010111001111101001011011000101101000011100110011110101111001000100010100000110101110000110010010011000101000000
10101101011100100101110010011001011101001010101001101101000001101110010000010000001011001000011001010110101100101110000110111000
01110000111010011010110100001011110110000000100001101110110001001101111110111011101010001100010100111101101110000110100011000000
10111010001101110010011000001110001110101111100001100011101010010100100010011010111100110110011000111100110010010010010111101111
10100010101101001001111100111110101010100110110111010111011010100101101011101100101111100001010001110000111110101110010010000001
00101100101101010110010001000100011110000100000011101100000111011011011100100001111101001011100111000111010010111100001100110010
10100010011111000001111101011101001000011011101010110101001110110000100101111010110011110101010000111101010000000101110100000000
10001001000011100001100010001100000000000000111110110110011110101011100010111101101000100011001111100011001001001101010000000100
11111000011101000111001101011111011010011011001101110111100110000011011000111000111011111111110010001100111111001110000010000010
10100110011101101101010110101010110000000001110111001010111000110010110100000000001100110101010011111100001000000011010101000101
00100001011000100000110100010000010100010001110100010100000100110001001110111010110011000010111001101000101100101111001110000111
10100111011111000100101011110100100011010101010111001011110100011100001001101111101111000100111100101011101000001000001111100010
11000100100010000000010011100010101111011101111101111001101000111101110100111101111010100111101010000000010000010001001111000110
01111000101011101101001011010010101100100011011010011111000001101101011110101000010100000110001000010000000011101111011000000000
01010111000101110011010101101011101100001000011110111101000101011010000000010100110001001101100101001011001101000111111100101110
00110010011011101010001000110010010011101100110111011010000011111111101111001000010000110010010001010001111001111001101100100010
01010100111110010100100001101100110111000100101111010011110111101001111111100100101110010011000010101001110110111010010010101101
01100100100011011000010111000101111110010101011111000001100010001011001001111101101011110100000010011010100110010000101010010110
01010010010010110100100101000100011011011100000010001001101100100101001110011110101111100000010001000010000110111110001011010010
10000110100110001010010110101110010100111010010000100111010001010010000100100001100000000000000101100010000100100100111110010001
11010101000111001010101011010001111011011110110001001000101100111010110000111011101011101011000011110111101111111000110110011110
11000011110001110000011000110110001110110110010101000011010010111101000011100011100011011101110111001011110001010111111101110011
11111011010101000100101001010101000111101101001101000001001100000111011001111010100110110010001100011010101100001010000001001101
10101101110111000011010001001000001111000011001100011110011111111010010100011101110110001001111001001100010000110101000000011010
00111010010111000100101100000000000001100110110010110111111011100111011011101000000000010010010001001011000100101001001110100011
00010111010100010000111100011110011100101011011001000011010000100111101111111001001110100110110100010101101011011011101001101001
00001111010011100001111001011001101000011000000011100100111110010011111101100110110111110110110101011010010010101110101010101111
11111011110101000001101101101101111011010010101000010000001101101001101000111101000001101100001011011010000110100110000011000111
00010000111110001111010011011001001001110101010001100001101011000111110100111000110000110000001110111011000100111000100100010000
10111101011010101100110100001011011101110001100100100000001000000000010110011010111100010011111001111000000001011100111010100011
11000001011111000011011000010100100010011110110111011001110111011110111011001001110111010010111100010010110011001001111110001011
10001110000011110001011111011111111111010010011100000000101010111111111101010101001101011110111110011100001010001011101110100011
10000000010100000001111011100101111011100101111100011100001110110001011001010000011101010100111010001110011110011100110101110010
00110111110101011101111101111001011011010001101011000001001101110101010011111111111001101111001001000101000111101101100010001111
10110100111101011010111110011110010100101100100001001010101111000100101100111101000110011001110101011010000111101000111100010110
01111011110111111101001000100111010011110000001000011111101101111100110000110101101111111000101101101001111100011011100000101100
11000001101111100000101100011000000111100110111000000010101100011001110011110001110101101000101100111001001110111110001100110010
11010110010010111101011110110101110101000101110110011011010001101000111110000100000011110001101101101000110010001111101111111100
10011011010011000100011100100100110101100110011111100011111010101101000011001000011110101001101001101111001101010101111111010101
10001001000110001011100110111000001001000110011011110100011011101011000011010111111101110000101011111100001110101011001010010011
10011100111110110011010110011011111100000110011100000010010100011100101011001100111100000000111100011101001101000110011011100111
00100100011101100010000001011100100111110001111101100101100100000010101010111001010111010011111010010001011001101110100000010100
11000111111011111000001110001101100011110100001101000000100111011101000010111100100101100111001011011011101101001111010101001011
10010010110111011010000111110101000000001110000011010001010100110111010011001001010010110110011000011110011011011000010110010001
10110011111010001101101101000101001101100001111110100001111101010101011001010010101100010010011010111100010100101100100100000011
01110100000110011111001000010001100100001110001001101101011111010011010011011100101111101000000111101111101010010110011001110010
00111101011100000001011101011001111110111110110010011010000001010110100001100111110010111100111001000010011001011010000110110100
01100000010001101010110000001000111110011000110100011001011001011100000111000011100110010010110110110010101111000101111101010111
10011000110010001011111100011110000011100100110100110010010001101010011000111100011011000001110100111000111001110100101010100110
00100110101001011010010100011010111011100001001110110111101011001011110011111001000000001101110111010101111000010011100100111111
00100111011111101000011011011011011100001111001111001110001011010001001010011011110110010001000010101001000110101011011100010111
00111101110101010001011111110011001110111001100110001101111010000101000000101111010001001100010101100110000101000010010100100001
01001111000110100001000101011010011101101001110100011110111100100110011111100010011010010011000101001110010110100111011110110110
01001100011101111000001001011011001000011100001101101011110101101001110100110001001111111001101011110000011100111101010000101001
11100110111101110011011000101111011010110110100001100100011001010101101001111100110001011000110011110111110011110000101000110011
00000100111001000100111000001011001100000010100100011010101010000100100100000011110000010100001001111110100101001001010011001101
11010010110110100000100011101111110110011000010000010101110000010000000110100111111011110011011110010101110001000100001001111110
00110111001110110010110101100001000010011001100111000001101000010110011100111110000110000110111010110011001001110110101101110101
11011100111000110000001110101011001101001010001011001011111001100000011110110110110000011011001100001000000001100011001001100011
10111111011110110011110010110000101111110010011101001110101100110100110111011100100110101110100000011000001010010110101011001111
11001011100001011011010111100011100010011010101000011100000011011111000000000110100110101111000111110101100011011010010001011010
01010100000010100100110101011100110111110010001011111110111001010110101101100001011110111100011000001000111001011111110001001110
11101011110010101111001110011011101111011110000011100010110001010110110000001000101101100100010000000000001100000011011011110111
11000100110001010101110000000000010101101011101011010110100000011000101011100111110001010100001110010110110000101001000110110011
00100010100000001110100111111011110001001010001011011010100110001111010111111100111111010100000001100110010100100101100011110111
01000111101001011001110000111001010001101010101101011111010100011010011010010101100111100000111101110001110001001000000011111110
01001111101100011000101110011110000101001000010010000000001111001001001000000101100001101001110100001000100001011011011100111111
00010100011000010011110101100111101111111010001100011000001011001110011110100100101011001101011111010111001100110110000011111111
10110010100001111101110111100101111101011000111000101010011001010101110100010011011000100111111110001100001100000001000100001110
10110110110010010000010011011001010011110001010000110010101111111011011111100101001111110100111011001011011111001110101111101111
10101100001110010011101001011110110111000110001101111111100111010011101011101011100101101010110111011110011100010100011101000000
11010010001110111111010000000011100000111100111100100110111100111110101101011000111101001111011110010110010100010101110101000111
11101101001001100000000010101100010000110101011011000111101100101110000000101111101001110101110111010001110110110110101100001001
00101110110010111010001101001110110101001001000011111001100101111001000010001100011110101000100011101011000110110001011100000100
01001111110001101110111001001101100100010110111110000101011101101011010011110011100011100011111000110000101010011111100100011101
01111011101010010001011111101110000110101000010100011010110101111100010110110111010111000100110011010100010010110010110010010100
01100110111101101111110111011110010000111100010010101001001101000111011010100011111010000111000110110111101000010100010000000100
11110001010011010110001111000011100100000111010100001101100010000101011010011110001101111000111100001010101100000010000000001111
11110010010101000000110010101000001000100000100010011001110000001111100101111100000100000100101001101101111110010110000010010100
11110000111000100010100100101000100011110100011001100101100001100000100001110101100110000001100100101000111101011100101101001110
11011001101010011000001111011101011100111010111100111001000011101001101011011110101101101101111101000011101011000100011001110110
10110110000011101101100001110010010100101000101011110110110110011010000111101000110111101101000110011110110010101011011000110100
11000100101111010100010110111101011000111111111010000001110001111000100100111110110011100001101110101110100100010111101111010010
01010011110010001110011111110000001100111011000101001010110111101011011010011100111100001110100010010110001110000000101101001011
00010011110101100011011111111101110100000111101100011011001100110111101010111101111010011111111111010100010010111000110111100010
10010000101100100111111110010100100001100001111110000000111101011001000010011010100101100000111100110100110010011110101101011101
11001101000111010101001101000110001111101111000001000001010010001011100111011100101010000001001010000101010010111110110010001110
01110000001101001111101011011101000000011100000111111111101111001100010010010001011101010100011000111010111001110011011110100111
11111010000111111100000000001010100101010101100011011011010010000010000111110010100000000001101111011100011101000011011000010110
10010001010000101110011110101101001110111111110000101001011011100111011101101110000101111100001100011000101010010011001001110100
00110111101110111000101001010110101011010111111001001011010011000110000000001110011111001011011111011001110110011101010110100101
01101000110110010101101010001100000100011000111110110100001000001000000100001110100010001101001000001100111100111100010110100111
01110001110010010000111110111100101101011111010000111001000100110110011110011001111011000011000011100100001101110010001011101010
10101111101001110001100100010000000110111110011100110010001010001101101110010101101001111110011001000010110000001010110101101100
10101111001100011110110001010010110110010000011000011000010001001010000000001101101001001110101110011010001000001000000110011000
11101100000010110001010101011011111001010111100001110000111110011111111001011110000101111000001101011000011101100010011011100011
10010111100110101001001101001010001110111111010100010011010111011011111000011100000000010000101011100110110101110001111000000001
01001100110010110100010010110101100000101111000100111110100000001001011000000100101010001110101011100101111010011011111101101111
01011111101110101101101111010000000010100111010101111100011110100110001000010110100111101110010001101110011110000101101001101011
00010110001111010001001011011101101111110000001010110100011101100101100101000001110001000101010110001111000110011011110011100010
00111111001010000101001101011000010001010000001000000011011010101110010011010110110110000101101010000010000100101001100001110110
10011101100100100001110010110010110000010000111000111111000100000010100101110001010000000000110011101111010010000010011001010010
10110111010111110110000100101101101001001100111011110101010111000111100011111010000000100000111111111100111110011110100011000000
11100110000011100010001000011111110000110010100111110011001111000101001101001101111110100011010001000110011010110101011100010000
00111100001010110110101011010101001111011101101111111000100101111011100110110101010001100010011101010011011110111010000100001110
00011110111101111010100100010000111110010010110010011011010010111110000000001111011000001101101111100000110011000000111110010001
00011001100010001001011010110101011110011111000001010101100000111100000100000101010101100011101101011001000000101011100111000010
00001110001001011000001100110100000111111011011110101100110000000101101100011001011011011101011010111000001101111000011000000101
11110110110101111101101011101110100001101011100001111100010000100101100111100000011101111010100010111100011011001101000010101000
11010010011111111011011111100110001010101100011011101110110111000111100000001111001011011011111000100000101011101110111010100101
11011000001111011110111011000010111000111010011110010010010100000010100011111011111000000111111011100111011001000100100100011011
01100010001110010011101100100101001101001110011111111010110100001100100100000011011100011111100100100000000010000010001011000101
00000101011110011110110001101011010110010111001101011100010100000110000111001011000010101110101010101100111001010000100001111100
01100010110000010010011101001000100111110001111111000001011101111111110101010010101010110000111111011010001110010000011010100100
10010000111110010010010101101000010110110011110100111100001110010000010110101110000110001010001101111001111010000100100000101100
01001100010101110001011011001010111111100100001111101011001010010010000001000000000010000110100100000010000010011001010100010001
11010011111101100110100100111101100010001100000100101111110100001111000000100011100101000111101110010011001010101000011011110000
10110011000010100010100010011011100000110101000101101000011011001010000100010110000111011101110110111100000110010111100100100001
11010100001011000010110111101001000100000110011111110100001111000100100011011010001010010100101001010110110001110100000100100011
10101100100000000010100000000011100101100111110100101010001010100111101000000011101010111101001111101111000001100000001111110000
10010101111010110110111100001110111111000001010110100011010000110100110000011111100101101001111101100001101011000010101110101011
10010101110010011101001010000100110100100001100000011010001001001101110001111100110010111001101110111110101001101111111100010100
10011111010100110110110101101011100111011100100010110010010001001110010010010110001100100111100110110111101000010101001111010100
01000000010100101001000110110100100110100001110001101001001001010001000011100001011110110101101100011100010001110100000101000000
01110001001011100111011100110110000110100111010101101010000101110110011000100111101000110111111111011100110110010011100000000011
00001000001000101111000010110111011001100001110101010111000100000110000000110101111000111001001100111111111111010001001001001101
01111001111111101011000110101110010110101100110101111101011111011001100000101000101011001111111011110110111010011110101111000101
11001111010000010100101000110001011110010010010000110111100111011101100010101101100101110110110110010000100010110100101101010000
01000000110010000110101100111110010011000100100001010100000111111111111101001001001001110001110111101101100101000101100101000110
00101010110011001100100111011000111111011000101111000111100110010000011010001110101010001011011110100110000111110010001001001111
01100100101111100010000010000101111010000110011111101100111111100100110000110001001101111000111101000110010000011101000000100111
01110011011011001101010101011110001100000100001111110010100110100001100111101000111010010110111001101010001000100110001010011110
01100101000010110001111110001010011100010001101100011011000011111111010100101100001101101001111000111000000111001100000011111111
10000011001011100011101101110100011010111101111000101000011110011100110100101111101011000110010001101011111100010001011100001100
01110101000001100011111001111111001001101111011100101111010111101010000101101000001100111111101011111100101011000011100010000101
10010100101110110111000010101100100111101101111010001001001001101010100101101001110011101111000100001101111000001000001110111011
11101011111101001000001010110100110101001011111000011011010011000001110011111101011011101010110001111010000001100000000111011110
01011111110000011111000111100010101111100110100101011001011001100001101001010110100001100000111111000000110101110001100011111011
01001100001111111111000001010000001110001100000100000100000010101010000001100111110010101011101010011100110111111010000001101101
10110001100110100111111101010110110101000010010011011100101011010101111110011101000101011101100101100001001111110101101110111110
00111011000011010001010101100001101001010100101011100111111010110010100011110111110100011010111010101101111100111001000101110100
00100010110011000011110001101010000101011000011010110001010101111111010101111100010000010101001100001100101110110001010100011001
01001100110000100111100101000000101111100111010111100000101011010011101010101000110111110101110010100100000100100101001001110000
00011111110101110101111101001111010001000000100001100100110100010011111101111011010101001001011001001011011100010111110010000111
01010111001110100001110101101000011001101011111101111011110011000110111111101100001100001101110000001010101000000111110100100010
01100001000101011010100001010101011001111011100111010100100101100011001000111010111110100000101001000011111010111001011001101111
00000011100011010010110111001001011000100000111001100000111100101011101111010010001011000000101101111110000101101100101000010110
00000010010010001100100011100110111001010110000000000100000100010101000110111011111101101100100001011100110001001010101010100000
10110010011001000101010101000101100010001010011011011110101011101100001110111101101011001100001011101011001000100110011001110010
00110001110001101101111111011011010000110101110000100000010110110101010010110101011010101000010011001000100001001110000110000100
00101110111101001011101111001101010100101111100011111001110000010110101101111101110010110101010001101011011011101001010000000001
01111010010111110011010010110000011010111100101011100110111111000110001011111110100000001110000010011011011011010000100010111011
11001010100101001111010101000111101011010010110101100111001100000111010101001101000100110010001100000010100001001010100101100110
11110111010111100001111100000110010000010111010100111101100000011011001110100011100000011100011001101001111101101010100110100101
01010000101011011011000100110001100011010111010110010011100100111010001010000001111110011111001011101111001011111010100111100011
11110011010001001011010100110101011011110011111110101000100101110100000010100001101001010000011110011110011100111111000011110010
10011010100001001000000011111100001100001001110101000111101110000100101101010011011011000010011010111000111110000110011111101010
00110101100000001000010101001010000110100010110010101110010001000111011011100011100011011111101001011100011011011010010001011111
00011011100010110000001101101001000001000010110111000011101001000000010010111111011110101110010001101110010111001101011110010010
00010100011011100101001000011011011101010001100101001110001111101101111111001100110100100010011111110110101100011010110110100010
11100111000010001010010111100101010101001110111001001100000110001111010001010011111001010110001110010001110111001110001000010110
01101010101000111101100011101011110110010101101101011101111101001111000000101101011001011101010110101111101110111011101101010101
00110110001100101011001100000111001110110111001010100001100000001110110011011001010100011110110000001011100110111000110100010011
11111011011111111001100110011100000001111011001110010010110111000011100001010010101000110101011100001110000100000111011001111000
01001111100100010100010011101011001000011001101110011000100000101000101110100011000011011100110100100101101000111100011111001000
01010100100010100010001010110101010111001100111000010011101111011011111111001000100000110111100100000000001001110001010011111111
11100101111001110011101001100011110000010001100100110010011010111101010000110111000010011001011111110000101011001110001010010100
10010001101011001110000011100101001001011001001110111011001011111010010000010100111101011111101000011001001000110111010111000110
10001101100010011101111110010001100110010101110000110100001111111101110000100100100111110010010010001000010100011011000001010011
01101111011111011001001011001001101000001010110111100000000000100111100111101001101010100000100101110010111110001110000000101001
01001100101100010000000000010110000000100110100000011101111011010100110101010110110010001001011000101010011010101001101100010000
10100110111010000000000010111100111011001111001100111110011101100010110100011001011000110000100001000110100100110011001001111100
10101101001111101101010101010011100001001110001100111101001011000111000011100011000111101010101000101000010110110111000110000110
00100100011101011111101000010100100111011111001101111010100110011101110000101011101011101100000010011101011101010101101010010111
10111100101111001011101111100100001000001100100001001100101001011100011001000001000001110111000111010011101110010110110111001110
11110001111100100101101110110101100011110111111101010100101000100110010101010100110101101101100011111011101000001111111111010011
10001001110010100111111001111011000100111000001010110010010001001010000011000111100100010001100110010111100111001101101111011000
11110110011111100000100100000101111011100111110010100101010000100100011110111100111011101001101110000001010001001000010110101110
01111110101101100011011111000011010011001101100100010101101111111110101111101011100111100001101110011010101010110100110100101111
11101010001110001110110110011001011001001000010011110101111110010110111100010000110010110001010000111110010010110001000001101000
01011000011100010001111011000111001001101100000001011010111111100110111001000011010111101000100101111010000111100101010100000110
10010111101110100101011111001100010110101010100001000010111101001000011100110100111100011001001011001110111100100111010110010111
11010001001110110010100100001011001000000010011011111010001000110101101001111100001001011000001010001111011100001111101000111111
10011000110000001100101011100000111000101100111110011010100111111111110110100011001111010011111111111110010100001011011101101000
01001001010011001001110001111001000001010111000100100110001110011110010000000010011010101010011101100101100000100010110001000001
00110110111011011101111000010001110000011110000101101111010111001001100100000011101111100010010111100001111001001001100000011101
01000010010100111000010111001111110101001000001100111110101001001110101111011010110000111010110101010011110000010001101010001001
00111001010100010110011111110000011000110110110001111011111001011010110100000001010011010111011110110111111000110100101001010101
00000111100010101000111011011100100011110111100000000101010001000000101011011010111111000001100001110000111111011011110100110011
00101000001010110011110001110010110101001011110111101010100000011101111011010101101010100100110000101000110000001000111010111111
10000110101111001101101101111111000100000100111010111010101101101001011100101010010101010000111100100000101111111000110011001101
00010001000001011011111100000101100100001101000100001101100100101111011001000100010001101111001010001010010000100000110011101110
11110101111101000111000110100011001100110011111001111111010111111111010010001111110101000110110010011000010000000000111010110011
11010000111100100101000001011110011110000101010001101100101000101011100101010001111000110110110100010010010100001100011011100000
11111000000010000100110011010101110101111100010110001101101100100110101111101111110101000001000011101101101101100110010011011111
10111000001100110000001111000011100011101111010100101000000101001000110101110010100001110111001001101110101010111001010110111100
00101000011111010001010001110001000101100101001110100101110010000001111111101100100000011101010110110001010001110101101100110001
11011010001001101101000110010110111110001010100110001100001010010101111110110000111000101011100111001100111000010111101110101110
01011101110110011100100101011100001000011101100001111110001110001101010001100010110010000111110010010101010101110100001100010110
00010100101011100110001100010110010111100010001110101101000000001111010100110111101110111001011010011001110000000100100000111001
11001001010110100101011001110010001101100111011110010011111110110000100000010111010011111010111100100101010111001000000101101001
10011010100011001000110000100011101111100000011000000011000111101110110111011111001110000100111110101000110011001001101110101101
00000111001000000001100001110101111000001011001111100111010001010010011111010001111100111111011001110010111001110110011000110111
11110010010100111010111000110111101111010011111111001110101010010011101100001101001010111110000011101001001110000111110001001010
11110110011011001100000000100010111011011111001011111011011101001000111110000110111000010010111001010000001000101110100101101000
10100110110100100100000101111011010011111100001001010011011110001010101100001000100111010111011110101110010100101000000100111110
11001101110011011001111011110110101101111000010111001110001110000000101110011101010010000111100100101111010101110010101001010000
01111010100001000010110110110110111100100000000011111101011010111100101001000010111000000111101001010001101011001101010011101001
11100101001011101010011101110001110011001100101110101101100011010000011101110010100100101010001011001000110100011100110100000000
00011101000011001111110111111110100101110101000011110111101001110000111001001010111110000111100010000111100111000101101111010001
10110001001001110010011111111001101110010100110000001111111110001100010111100111101000011010111111100000011001010111111001100111
00101111000010011011100001001100101100011000010011011011100000101101011011000011110100010000110100111111010010001011001100011100
00101101001001100011101111100111100101000111010111000010010111010000011100011101010000001100101011010100111111010111110000001000
01111011011000110010100000000001001000101101110011010000011011111000100110010000011111110011000110100100110010101111100100110100
11111111011011000001101011001111100011010010110011010010001110110110111010100011111111110000110000010111010000111011111100110100
00110001110001101010000001100100110110001100111101010100001000110101111010110001001001000010101100101111111101011110010101011011
00110111011111010101110100000011101101101001001000101111001001110011011101111001100110001101011011100010110111110101001010111110
10101111001011011000000000111110010000000011010111111011011110100000000100111001111110100101111000011001111001110010001111010111
00101011101011011111011110010100100011011110110110100011111101110010110000100001100011011110110111010001100010000011100111000110
00001100100101010111011111010000001010000011111001001111100110001110000111111011100111000000001001101010110010100010110001001011
00010110100000111010101100101010000000100100000111101001111111111100100100111101011010101101000101001001011000111010110001101011
00111011001000100101110000101111101000001001001101100101010100100001011111000101111011011001100010110000111010001110000001001111
00111001100000000010010011011100110011010100011110110000100010011110011011110000110001111100110000001100111100110011111011010100
11001100000010011110101011010110011001110101111111011110100011111011001111001100010001001011111001000100011110010110001111011010
01010111101111011101111001011011001111101011101010101001011010010101001001111010110000010111101011001011001100000001010001110100
00000010000010110110011101010000111010101000100000111101001100111101011100111101101011111111101111010100011010111100000000010111
10100111010001110000101100101110000011000010001001010000111110011001010001100111111000001110101000000101001011000010110000111101
10111110111010001001110011110100111000000011001011000001010010000001000110010010101100000101110100000011111010011101110111001001
11111011100001101111010000001001110110101001000001000110010011000000111001000111001001011111111001111011110101010110010110001011
01111001110011000100110100000011111110101001000011110110110110100000100000010111011010100111001010101110101011000011100001000001
10110010000111100010001011100000011011110010111001110100111001110101100100100101111010111010101100000000100000011000111111101011
10110010000000010101010001010111110100101010101111000011001000011101110110100011010100100011010000011001010010000001111000000011
10011011110010010101100000000100010011110000101011110010111001010100101100001011001000011000011110100110001100000101100110101111
11111100001010000111011001101101001001011110000101101111100011010110000110010001010011011111100001110011001000101110110110101110
01101000001000110000110110101100001001001010100000001001110001111011011001011111010110101111010100001110110000110000100011100001
10000010111010100100001001010011101110001100100011000011110101101010000100001100001100001100100111101010110100111101111010011111
11100001001001000101110111100000110100100001010000111101110110110000000001101111110101111111101001101010100001000100011110010010
11101011111101100111110000110001011000110100011011001010110100010000001101101001010101001000100110111010011000100101010100011010
11111101011000010101100101100011111010101100010000111011000100000101010101110001110001011000000111010001101100110101010110011110
10011111000000000000101010001110001000011001100001111011010000101000011010010000100001110101100110010010100011110010001111111010
10111110001101010111000110100000001000100001010111100100011110010001101110000001010101000001101100110111100010010010100010010011
10011101110011001000000110101110010110111111101011110101010111001110101001101001111001000000100110011100001010011100110110100011
11001111001100000010110110011001010110000110111010011001111011110001000110010101000000011011000101001011110001011001000000110011
01111010100010111000011110011110101100110001001001001000000100111100001000111100101100111011100101111101011100111110001010100110
11110001100111111101110110001101111110001000010111100110000110100100110101001001101000111101101111100001010000100100101001100100
00010001110000111100010011110100101001010001110100101100110001000011000111011010011100001001101011100101101100101011010111111111
11011110101000100010100111110111000010111101011011011011010110001101001111100100110011110100000100010010100011111000100111001111
11001011110111100110101111100011111010101101010001010010010011001111110011111011100111001101111010100101110010001011001101011111
00010110000001011001000100100101010110011011101110010000111011010101101110100110101010100000111100101011101000111110011111111100
11010011101111101110100110011001000010000001101000110101011001111010111001010111100111000000011000010110000101111000100000010010
10001001111111011011111010111000011010101101001100111101011111011110100101011111110010010101101101111110110101010111011010000001
01010000101000010010000101011111101100011110110100010111010101010100010001111011100100000011111111000001100001101101100111110111
01110010100111011001111100111100110010011010111100011110011001111010100001110110010111000110011000001111001111010010101011000001
01000010101011111110110011110110111000000100111011101011011001111110100001010111010101111110001111101110100011101001001001110010
01100100111010011100010101010010100011000100110011000000101000000001111110011100110100100111001001101011011001001111011011111001
01011011010011110101011100011111000110000011010100001100000001100111001001000001100111010010101011001111001010100011011101110100
11101101100000101110001000101001111111011001011101101100010101111000000111101100001111001111100000111010110101100000101100011110
00010011001000101110001111101101100000010100111001001011010001011101111000010011000000101101011000001011000101010011001110111100
11010100001000101010000110111000101000001010101001110101101111101000111001101001111111011111001110001011100010100111000011100111
11100000010001010000000111101011001110110111001101011001010001100001010001111111100111010010101001011001100001011110111110111001
00110000111100011100010101001010101110101111111111010100011101000010101000111100000111100101110011110011110100101000110100101010
00101000010010010100001111101011100101101001111000100100011011001000110100011110110101110100110011001001111010001111110110111111
01011001111101010011110000111100101101111110011101110111000100011111100011110010101111101001101111011011110000111101001001110100
01001001011111001001110001110001000010111111100010011001111111000011100110000111111101111000001001010100000011011001001100001101
00100010010110010110100100111010110000110100101110011001100001011110100111011111010011110101111111101110000100111011111101000111
10001011100010010001110101011001100011100100000101111001110110011100110111011011110011110110011110011001001000101110010111000001
11000000000111011110111110101010011111011100011111110001111110001011010010101111111111010101010001010000111110011110001100111110
01101111110001111101001001000000010001110011101110111100000000001010111101100101110100110100001001100111010010001110101011010100
01001110010000010010111001001110101011011000000101001001011011110001100010010111100101100010000000111000001111011110001000101110
00101011000111000101001100011100010011010001110100001111011001110101011110001001010111111000110011001111101111100011011100000000
01000110110100010001001010110010010111000001000100101001100010101000000110010000111111010011010001001000110000101111011010100100
11100000010100001110100000011110011001111100111111100000010100001011011011010101011100100101001100100011001101110000110101001111
11001111100011000011111010101000110100101000001111110100101001101100000110011110110011111010011010010111010010110011001101001000
01000101110010111000100001000011010000011111010101110100011100001011100110110111001101100011000110011010110011001011000010001101
00111100100010011100001110101011000111001010110101000111000001011101000001100110110000100000101000010000001101010100001001011100
10101000000110111110000100000011110010011001101010100101100100010010011010001010000110011101010111000100011110100010000000110001
11010000111000111101101001101100101111001001010111011001111110101101000110110011000111100110111111110000011100111101000011011110
10010001000000110110101000011101100111111011011110101111111011001011101011001101100111011101101110110110000111011010001100101101
10010110101101001010110011100110001100100000110010010010010010010111010010000000111010010110111011101001101110111110011010010001
11000110101101000101110110001100000000101101110011100110001000011100001001101010110011111001110100100000111010001101100101101101
10001101010000111011000100000011100100011000101100011101001111100101011000101001111011100111010101000000100011000001010100101101
10111001010011011100000110001011011001000011000111100111011110101010000111000110010011111111010001010000000011100111101100001001
11101101010101111111010000111001011110110001001010100111010110000111010100011101101100011100100110110110011101111110000111111101
11100101000101101010110111111111100011111010011000011011111001001111110000111010000010011001010011101000101111101100000110101101
11000100100001110001110010110101000010000110010100000011010101101001000101111001001010100011111001100000000110110100001111110010
00100110110111100001101111011010101100111111001000010000110000101000000111011101111110100011100010010100101100100100101001000010
10000001110111001001101011100111001000100101001000010011110101010111010001101111111110111010000111100100000100110101100001010101
11110111110010011101110101000101001000101010000100000000010110011001000111001010000000111111001101010110111010000110000111100110
11010111001000011101100000001100011111000001110000111011011110100010000110010100010110111010110111010011110100101110110100010000
00011111011010010011110000010100010010110010010110000001100101010010100100011010110001101100100001001100010101101100001000001110
00100001010101001111010001001110011100101100011001100110001101101110100011000110111010101011111110001111100010000001010101011011
00100110101000010110101011110001001011111100010100000100010110111010111011100010100000011101110000011111100111100000011001001100
10111101000100110100100110011111110011010001000000000001100111011110111111010100100100010101100100001100000001001110101011000100
00100110011010100111101111110110111110010001111111001010010000001111010001000101011101001010001100100000100011110110000000011101
11101000001110000100001111110100100110011100101110010001111111100101110000110100110010110000101101100010010001111100111101000001
01000001011111100011110000110000100101010001100101001001010111010111000010011001001100100111111001000111010100111010100100111000
10000010111011110010110100111001101011010010000011011100110100101110011101010111101110101001011000110011001100000011001001010101
11010000100111101001010101111001110100001100001010100111011001011001010110000111001011111101110111010011000000011011001001101011
01100010101110100010010100110001110010010001000101000011100101111010100101011011010100000110011011010001011111101000100000111111
10100011001011000110011111110001001001111101010101110101001111110011001011011001110010101010011011011000101110000101100101110011
10010111010001010100011000010010111010100111001000011001000100011011110101110110011100000100101100011100100000111011110101000101
10110100001100100101011110111101011100110101001110101101001010001100001110110111100001100101111111101010101000010100111100111010
00100101100110010100010101001110101001011111010000111110001011111010111010110111001010001100011110010010110111100010010111000001
10000010101110100111101111000110010111011111101010001101101010100001101110000100111001011100111001100000111101110110011110001000
11000100000010110100000111011011100000001110001000110111000101010110111101000001001101000111000000111101100110101101011000001101
01100001000011000100111110011111000001011001111011010100110001001110000100000011110110101110111000001000100010001011001010001011
01111111011101001100001010100111110001101010110100000110001100011001000101111010100101000000011011000101110001110010111101111110
10010011000000000010101011000100101011011010111010110011011111101010100000100010011010000101001111101010101001001100011110001000
01000100101111101101001001011000011110011011000001011001011100001100110011001111010100010110111010000010111100100110110001100100
01110010011001111001010100001011000110001000010001110100101101001100010000111111000111010000011000010010010010110010010010101010
00000000100111001101110110011111110111110111100010100110011000010110100111011111011000010011011000000001010001101000101001000111
00101101110000011010001011100111000010001000100100110001101110011100100101111000010100101101110100011100110111100011100000011111
11011000110100000110011101100000110011110100000110101011101010110011100111100011110111001111101000011010100010010100010010110101
00111100001101010011011001010111001000001100101010011111000000011111101110001110100101111011110111001110110001111111101000011101
00100100001111100111101100010110101000101000101110001010111100101011001010010001011001110101111001001011100001011001011101000100
01000010110111011010001010000101001000011100011111101110001011100001001000110111011010110011001110010100000000111110011110000011
10110100001111010111110011110010010010110010101001111101100011010100011010000010000011101000110101011101100011001100100000000001
10100000101111100011110100001100000111101110001101010000101101011110001001010101011001001011110110000111110000111110000000100101
10100101111100010011111010101011100111100110000111111110111001011100110110001101100001111001011001010011010111000100100111000011
01001111100000001110011011101001001101101011000010110011100111011110111011011111111101101101011111001000011111000111001111000101
01010011011111111000110010010010011110110000101111010110110000100000111011000010011010011111001101000111001000000110101010001110
01011100110010111111001001001001111000001100110110011110100111000000100011111110001111111000000011111001111110110011110000011111
01000111000111010000111000001110101010100001001110101001011100000000100011110111111001100000011111111011101111001000100110100101
10100011110010100111110100111001000110111111010111010101011010010010101100101000111101110100011000000001100010110111000011010111
11000001101111000000101111001101101010011010001111111001101101101001000101110110110111111110010101001001101010100111011001100000
10000001010011000111101101111000011110101101000100000110100000010110111000010100001001010001011001001000000000010110101111100111
11011011101011001010111011001011000000111110010011110010101100101101101111101001100011100000011110111001010110011100011100010010
01100110110010101101001100101010011011110101010100101001010100001110100011111110111100011111000100111001100101010010010011000100
01001111011100100000000100001011011001101100000101111011110110100101011010101000100100001111001100101001101110011101111110001001
11001110110100100101011010001101010100111111110101110111101101011111101010011011110110001000011111101010000010010110111100111001
11000001000111001001000110010011110111011010000001111000011000100110011010001110001000001110100010101111110001001100000110011011
10010100100111001110101100011000001111101111111000101101010100100101100100000001111101100110110101010110101001001010100101100110
01011101011100101010111011000010001111001101000001001100000111000111011010001010101011000111111011101001011100101100000001001111
10011100001000011010111011011110000101010010000001101110011100111100101001110010001010010010101010000100110010011010111111010100
00111000100000100010101111010110111010110001100111111011110100001100010110100011101011111100010011110100010011000110011001111011
01000110100001110101111001111110110000000001010101000000010111011010000111000100110101111010110110011011001110010011101011100111
10110101111111011001000010010100101001111000100001010001011001010001110010000010101011100100000001001000010001100101001101101000
00010011100111001100101010100001111011010000101000010000001000010101100011101101001111001100100010010101000000000110111100001101
11111010110010001001101000010100001000010001001111111011000101011110000000100100110011011101010011011101000110001111010001101001
00010000110001000000001101111000110101110010101001010000110001101101110000110000101011101000001010101000100100000101010110110000
11011011101000100011100001110110001001000100110111010100000001111110001011101011110101100110110100101011110011100100010000010110
01100011111001111010010010111101000110111011001000010111001110101011101001110000001100010000011111000101011111011001010111110000
11111110111100101010110001000110001111111000110111000010001000101011110010010101100010001110001000100001111000100011010001110010
00011101010000100011001001110100111100000001101101111011001110011110001101100111100111100011101110111110000001000011111000100010
11011111001111001000110100100101001100001110011011111001010111100010110010100110111111001011111111000000000000001010010110111111
01001000011101000101101111000101000000100110101010101000100011010001111011110000001001001011000101110010111001100100010111101000
00110111000100101111100010011111011001000100010100110111001101010010110101101100011100010110110010100101100111110011011100111111
10000001101000010000110000000111101011010010111111100011101010011000110001011100001111110101110010001100101110101011010110001100
10001100000000100111000101000000100001111011100101110000010001111110101111100100110101011001000101110100111110000000100010110110
11100011011100011000001100110000110100001001001000010010100110000100100110110000011111010010101101011010010111101100001010010100
01101011100010101011100010101000011011000011101111101001101110001110011110110100101101100010000110001101010111111101101011101101
10111100001110011101101111111001100011001001101001011101110111011000100010101000011101001100110111000100101010011111011111010101
01110110000000010011101110010011001101001000101010100001100011001010111010010110001001010110101100100000101000001010010100111101
01000000110101010000011000111000001001001101101100000110100101100101011010011001010011001000010101010011000100101011111100011010
01001011011101001100100101100101110000100001101111000000001111001011110110001001001110010011011111010011111001100010101111100011
01000110011110100010111110111011011100111100001011000001111111111000011110101010111100110110101000010100001011011010000011100101
10101000000110000000101110001111010001000110011000101010010111100100000010101111101001100101101000111011100110001101110010001100
10001011010111110001100000001000100111110011001101110111110011001100000101101101010110011100110110110110010001010110111001100011
10111110101111001011110000111100010101010001001010000111111010101111010000011000000101001011011111111010110101110010001110101111
00101000101011110000011111110110111011000100100101100011000001111111001000111001010001110000001100100000101011011010110101100010
11011100000110011011000011101001111000110001110111111010111101100000101110110111100011001011010000111100000001110000111010001111
11111110011100010011100110010000011011011101010001000101111011001100111011000011100010110011111011111111100000010100101011001001
01011111110011100011001101001111011110010100000110111111000011101000010100000100101000101101001100000000011110001010011110100101
01000100000110101110100100111011010100001101001011101111010110010000000011010011001111011111111001100110011001100110001101110001
10110100010011000110011110100111111110100011000111111011100010101001111100111000100000100101011101111101010011000001111111111110
11101010001110010001001001111001111101000111110110100000110001111011100001001111111001001010101000001000000000111001110000100011
11011110100011001011000110100011001001100100111001000010001010111011000100110000100001110001111111111010100111000110011001000100
11110010100101110111010001001100100100101101110001000001010100000111000111001010101010111011011011010001010001111111101000100011
10011000100110110101100101011100011000101111010111101111101100111001011100111010010011100010111110111111110000110011010100010111
10010100110111000100000111000110111001011101011111011010111101001001111110000110010110011110000111101111000001011110110000110010
01001111000110100010010001010100101100010011101011110100111110001110011011101010110000001101010011110010011000001100011101111111
01010010110000011111000000111010101100001001110101110111000110101001010101110110001101011011010010010111010110011110101111100100
10100101111101101010110101010101011001010101110010000010111111111111000001010101000011011101100010101000010111000001011001011110
01101111111110010101001100010100010001100101110101100011010000011010100000110001010101101000010111000111011111101100011110001100
10011001011110010111010010001111111110110111111000010010110110111010111010011010010000111111011110000100111001110001111010011000
11010011000100011010000100001010111100101000101111101010100010011111001100111011100000010001010100101010111010011010001011000001
11000101111010100010001000110011111010111001100110001001011000000110111100100100110111110100001010010110110101110111001001001111
11101101011001110011010000110000011001110100101101110110010000011000110101110101100111101000100100111010010111010010001011110111
00001101101110111001011111101110111100011101011010010111110100011011100010000110000001001110011100010011011011011110011010000101
01011000001111101100110100101110000111100111100011011110011101000110000001011101110010011001100011101000010101111101000111101010
01010111111101111100100110111011001001011010110011110110010110100000100010001011111000100001101100111000101100111010001100010100
11111111000100000011110000100010111111100111100001010011011111000010001100000111001001101110000000110001010111001010011110110010
11101011100000000100111000000100111011011100000001011101010100000110100100101001101010010110101011100010000110010110011110011110
00110000101010010011110001100100000110111000101011001001001100110100011010101000111000101111010110110111111011110001100011100110
00101000111110111000111101001001100100110101010011101000101111001011110111010000101111001010101001101010111101010110010100111110
01111000100100000000110100110101001111111110100000101011010001100001011000111010001011000011011100100010000001001100010110111010
11101110000110110011110110111111001111100000011010101110111110101110010000000011011001101011111110111011001001000110011010010001
11011110101100111100010101000011100101110101101110011001100011110100111010001101011100010100111010110011011011011100000011001000
11000110111110001011111100000101110010010000011001100010111001100100110010000010001001000100110110000001110000011100100010101011
10101010000000100111010111001010010010000000001110111000001100111100101011111001110001010000100001111010101001100111010010011011
11001101101010000101100000111100001010101000110111100100001110110111000110110011111110000010010011110000011000110111001100101100
01010100011101010111100010001001111111110001101101101010000000010110100001101100100100010011101011101110110001010011001001100011
11001100000111100001111110100010110111111011110001100000110010110010110101011110010000001001010010111101000010101100011110011001
10100011101011110100101000011110100110000001111011111111010011110101000011001001100001101010111001110100000000001010010111110100
00001111110000110001111011101100111010000001111111010011111011001100011100101111001010010110011100111000111011110000101100101000
11010110111111001000100101010111001001110101101111110100110011111011001110111000000001001000011010010110100101010011011001101101
10101110101000000010000100100011001000001110000101110011101100100001111000110000111011101010110101101010010011011001101101111000
10101110001011110111010000000100101000111111000110000110100000111011101101001001010010010100001110000111011101000100110111011010
11000000100010111000111101000011101011000000000110111011010101001000110100111100000010100100000100110110001011101110110110111101
10010000000010000111011101110001001101111000111001100101000100100101001110010101001101110110001111010000100111100101100011101101
00110100000101001110011010001110000100000111001010001110000100011010000111111101101101101111001100000000100011100000111111100000
01100100101000101110000111011111001101100010100110011110110011000011110000110110101101011001011101000001110010111100110000101111
00000110011100111111100110111010111100100101001110101101000011100011000000011111110111100010101111110010011111110011000011011001
01001110100001000011111111100100001111100010110011000010010111111000100001000110001110111101001010110101011110110100010101000110
01101101000100110110000101101010011101100011000011100100001010100010100001010110000111011110110000110110111110010011110111110111
00000111001111011011000011010011000100101010110000100011100110111111101100110000101111001101011110011100100000111110111001101010
01111111001011011000000001001001011100001011110100110011010001001111110101100001011111000110101010110101000001001110110000110001
01011010111111011000100000110000110100101111001001010001111011011001000101101111011011111100100010111010001001111010001101101001
11011101011011101110100000111111000000111110110011001000110101001001100100000100011110010000111101001100000111111101101010001001
11101011000011110000100101111101100100101001110011011001100100001001000110111010101011111100100010101011111111110100100100000011
01100101110001001000000100111000100101011000111101011000111010000110110100100101000010101101111100111111110010010011100100111101
11011000110110010000110010101010011111110100010000010101011000110110000000001101110100110110111100001110011111110101100110101101
00110010100100001001000000010000010110011000000100110000101110100111111111100110101110011001010010100101000110111100001100100110
11000011111000100101000010011011000110110101110110111100010100101110010110000100000110010011111011101110110010100111001011101011
00001100011100101011111110100010011100101001000011010101101011110001000001111111111111111100000000111111101111101011100011111001
00000110101111011110111000101001000001011001011101000110000101111000111110011100011011111110110100111101110100010001010010101001
11100011010010000101010110011010111111010001011000001110001010011010000111001110011100011100010101001111101110001010011010000111
10111011110111101100110100001010110100101111110011011011011010100100100000100000001000010000010010010010101010101111111111100011
10011111011111010101111010111011101100100011100110001110001101001100010000101100011000000001000111010111011001001011100101011011
01000101010001010100001011000000001011100000101110111101111101111011111001001000101011100010010100111111100100000011001111111000
00000000111101011100101010000010001110000000000101000101001110011001000000000100111001011111010111110110000011110000101001111000
00101100010001011000110100011110011011001000010000100010011110011100110110110001000000111011100101100110100100110001110000101111
00011011001010111100111110100011001010110111110110110010011100000001110101100001010000110111010011011101101110110100110111101101
01011110000100000011011011111010101011111000000000100110010010010000011010000010010111000011011100111010111110100010100100000101
10110100111001111101011001100001000000000101110111111011001011010011000101110100001000001100111010010111110001110101000100001110
01010000011000111000000011111011110001001110010010110011111011010001100110001101000001111111101011101111000101011010001000010100
01110111000111111101000111111000011011011110011011010001110010000000010100000111010010100100011110010001000010101010101101110011
11010001001011100010111010101001100011000110000111101011101011011000011110110101000101010100010010101000000101110011111001101101
11101100010111100100011011110101001000110000110000000011000001110101010110011111000001110110000110101000110001011011001100000010
00110000100000001010001101010100010001110001100100110010001011011101100011110111101000100011111010001110100110101110011001000000
10111000111110110001001110001010100101100100010000001101100011111100100101011100001010001011101010101011110111100011110010000101
00000000100011110100000010100111010110011000110110101011000111000110110001101010111010000111101101110001111111000100111011110111
00001001110011100100100000101111111010101010000011110111100001100011100101110001100010100011001100000101010000100110111001010000
10110001110001001111110001010100110101000101011001111111100000011101011000010101000111001111000010111111111111000001001010011011
00011100011101000000000110100011011000000011000010000101000111100100111111001010000001000010101010111101010100100001011101001111
11010001111010101011111000010110100100110110000101000011111001100011110001001110101010000001101001110010100111010010010110101010
01010000000010100011000010010001000010101111100100110111100001010000100001011101100011001111100100011000111100010011100101110101
10100100000000001111110111011100011110011100011110011001100010001010011111001100101000011001011110101010000000100001101101101010
10000111100001001101101100001001000100100100110010010001000010111101110011011011101001101011010111001000110110000010110001110100
11010100011010111110010000111000101010100001010000110000110001000101110101010100010100101101011000100000101011111101110001110100
01101001000000101001000101110101000110100101100000111111000111101111001011111000011111000011010110001110110100100011101010001000
00010110000110110011111001010100001000111011011010011101100010100111000010010111110110100011011011011010101110001101101111010011
01010001001010101111010001001101110101010111010011010101100001001011000011111110010010100001010110000010010000101000000010111010
00100110000100110111110001011110111111110111001100100011011011110001001001011000100101101011010010011100101011011000010000100010
11010000011111101001101100011101000010000001111001011101010110100100000000010010111010111000101001111111111100110011101110011000
01011000100011001101000101011110101101000001101111100011100011001110011101001000000101001001111110100101111011001101110000111000
11011101100001000011111100101111001111110010011110111111111110101011111010000010010111010111110010010101100000100010000000011111
10100100011000100110111100101111010101101110111101010100000010110111111001001001110011111100111101100010001010110001100100011000
10111110011001010111111010011101011111011011011101001100101010000100100010101011110011000011111100010010110100010010000000000000
00000010100101010100001000110010111001101000001111000001111100000100111101001100011101100000100110101111101001000111000011110111
01000001100100010010111100010100001011011011100011100001100110110011001001111110111011011011010101010001101111110111111011010111
10001100010011101011100100001001110101100111000100011100111010110100010100011101000001010111010100010110010110101000000011100110
11000011010100000001011001011001100010110110000101000100110010111000010011100010110001110100101001101110111110000001011100100001
10011111111100001010100001101111100101011010011001100101011001110000011111011110101101111000110010000101111010010100001111111011
00011011010010100000100101000011100001000000000110000001111011010101110010101111000100100010001110111111010101111011010010110001
10001011111000100000101000101110000100010111111100111011110010010111100100010000000100111100101101000000100110111011100110100111
10101001010111101000100111000110100011011000011000101111100101111010001010101011011000011100101100000000101100101000001010111011
00110001010100100000000111001011010110011001111100011010000110101110101010011001110101011000111110000101100101110111011010111011
10101001101000010010000101001101001111001011100111010110110111100010001110010110110011101110111001110110010100001111101101000011
10100101111011001101111000001100100001001010101000001001010100101011100110101011100100001010100101111110010100010101100110101101
01100011100000000000110111110111000101000011101111001000010000101001110100100111011110010111010011001011100101000110111111010110
10100100001001010001011011011100001111101000010100111011001000100101110010100101111001000100010010011011110010001101111100001101
11111010101101001011001010110001010111100101111101011001101010011001011000111000111000011010010100011000111010111000110000100100
00110010100011100101001110001101011110110100001101000011011100000100110111011110001110001111010101011110100010100101111011000100
11011110001111101101001000001110001001110001000111101000100000101101000101000111011100100100111111100101110000100101111011010111
01100101110111110101101100001100110111010110010011000011001100110001000100010110110100111100010010011010100010110100110000110100
01111000111011011101110011011010100011001000011100000010110101111000000100110101000001111111011101111111000111100000011101111001
11000000101111000010001010010010111010011101110101001100110000100000101001010011010100011001100000010111000001100101000010101101
11101011111011011110100111010001001101111111100101101101100110111101111001100111011110101010110110111000110100011100111110001001
01101111100110110111111001010111111101011110101100011101101101010000000110000110100000101001100101101101011101101011011000100000
00001111101001110111010010000111111001101011111011111011011000101011011111000011011110000100000001101001001101010010000010110011