00100000000000000000000000000001000000000000000000001000000000000010000000000000000000000000000110001000001101000000000000000000
00100000000000000000000000000001000010101001101110011011001110010010000000000000000000000000000101010000000000001000010000000100
00100000000000000000000000100001000000000000000000001000000000000010000000000000000000000010000110001000001101111111111111111111
00100000000000000000000000100001111111111010001111001011001110010010000000000000000000000010000101010000000000001000010000000100
00100000000000000000000010000001000000000000000000001000000000000010000000000000000000001000000110001000001101111111111111111111
00100000000000000000000010000001111111110110000010011111001110010010000000000000000000001000000101010000000000001000010000000100
00100000000000000000000010100001000000000000000000001000000000000010000000000000000000001010000110001000001101111111111111111111
00100000000000000000000010100001111011101101001010000111001110010010000000000000000000001010000101010000000000001000010000000100
00100000000000000000001000000001000000000000000000001000000000000010000000000000000000100000000110001000001101111111111111111111
00100000000000000000001000000001111110011101111001001011001110010010000000000000000000100000000101010000000000001000010000000100
00100000000000000000001000100001000000000000000000001000000000000010000000000000000000100010000110001000001101111111111111111111
00100000000000000000001000100001111100011110111100110011001110010010000000000000000000100010000101010000000000001000010000000100
00100000000000000000001010000001000000000000000000001000000000000010000000000000000000101000000110001000001101111111111111111111
00100000000000000000001010000001111100101101111000000011001110010010000000000000000000101000000101010000000000001000010000000100
00100000000000000000001010100001000000000000000000001000000000000010000000000000000000101010000110001000001101111111111111111111
00100000000000000000001010100001111011111111001100111011001110010010000000000000000000101010000101010000000000001000010000000100
00100000000000000000100000000001000000000000000000001000000000000010000000000000000010000000000110001000001101000000000000000000
00100000000000000000100000000001000000101101010110000111001110010010000000000000000010000000000101010000000000001000010000000100
00100000000000000000100000100001000000000000000000001000000000000010000000000000000010000010000110001000001101111111111111111111
00100000000000000000100000100001111111100111100110101011001110010010000000000000000010000010000101010000000000001000000000000100
00100000000000000000111111110010000000000000000000000000000000000010000000000000000000000000001100000000000000000000000000000000
11111111111111000000000010010100010000100000000000000111111111110000000000000000000000000000000000000000000000000000000000000000
01100000010000000010000100000000000000000000000000000000000000000110000010000000000000100000000000000000000000000000000111111111
01100000110000000000000000000000000000000000000000000000000000000110000100000000000000000000000000000000000000000000111111111001
01100001010000000000000000000000000000000000000000000000000000110110000000000000000000000000000000000000000000001001110100000000
01100100010000000010000010000000000000000000000000000000000000000110010010000100000000000000000001111111110000000100100000000000
01100100110000100100000000000000000000000000000001001000000000000110010100000000001111111110000000000000000000000000000000000001
01100101010000000000000000000000000000000000000000000000000001010110010000000000001001000000000000001001000000001001101110000000
01100000010000000010000100000000000000000000000000000000000000000110000010000000000000100000000000000000000000000000000111111111
01100000110000000000000000000000000000000000000000000001111111110110000100000000000000000000000000000000000000000000000000000001
01100001010000000000000000000000100000000010100000000000000000110110000000000000000000000000000000000000000000001111110100000000
01100100010000000010000010000000000000000000000000000000000000000110010010000100000000000000000001111111110000000100100000000000
01100100110000100100000000000000011111111100000001001000000000000110010100000000000000000000000000000000000000000000000000000001
01100101010000000000000000000000100000000010110010000000000001010110010000000000001001000000000000001001000000000111101110000000
01101000010000000010000100000000000000000000000000000000000000000110100010000000000000100000000000000000000000000100100000000000
01101000110000100100000000000000000000000000000001001000000000000110100100000000000000000000000000000000000000000000000000000001
01101001010000000000000000000000000000000101001010000000000100010110100000000000001001000000000000001001000000001011001010000000
01101000010000000010000100000000000000000000000000000000000000000110100010000000000000100000000000000000000000000100100000000000
01101000110000011100000000000000000000000000000001111000000000000110100100000000000000000000000000000000000000000000000000000001
01101001010000000000000000000000000000000000000000000000000100010110100000000000000111000000000000000111000000001101001010000000