00100000000000000000000000000001000000000000000000000000000000000010000000000000000000000000000100000000000000000000000000000000
00100000000000000000000000000001000000000000000000000011000011010010000000000000000000000000000101000000000010100000100000000000
00100000000000000000000000100001000000000000000000000000000000000010000000000000000000000010000100000000000000000000000000000000
00100000000000000000000000100001000000000000000000000000000000000010000000000000000000000010000100000000000000000000010000000000
00100000000000000000000010000001000000000000000000000000000000000010000000000000000000001000000100000000000000000000000000000000
00100000000000000000000010000001000000000000000000000000000000000010000000000000000000001000000100000000000000000000010000000000
00100000000000000000000010100001000000000000000000000000000000000010000000000000000000001010000100000000000000000000000000000000
00100000000000000000000010100001000000000000000000000000000000000010000000000000000000001010000100000000000000000000010000000000
00100000000000000000001000000001000000000000000000000000000000000010000000000000000000100000000100000000000000000000000000000000
00100000000000000000001000000001000000000000000000000000000000000010000000000000000000100000000100000000000000000000010000000000
00100000000000000000001000100001000000000000000000000000000000000010000000000000000000100010000100000000000000000000000000000000
00100000000000000000001000100001000000000000000000000000000000000010000000000000000000100010000100000000000000000000010000000000
00100000000000000000001010000001000000000000000000000000000000000010000000000000000000101000000100000000000000000000000000000000
00100000000000000000001010000001000000000000000000000000000000000010000000000000000000101000000100000000000000000000010000000000
00100000000000000000001010100001000000000000000000000000000000000010000000000000000000101010000100000000000000000000000000000000
00100000000000000000001010100001000000000000000000000000000000000010000000000000000000101010000100000000000000000000010000000000
00100000000000000000100000000001000000000000000000000000000000000010000000000000000010000000000100000000000000000000000000000000
00100000000000000000100000000001000000000000000000000000000000000010000000000000000010000000000100000000000000000000010000000000
00100000000000000000100000100001000000000000000000000000000000000010000000000000000010000010000100000000000000000000000000000000
00100000000000000000100000100001000000000000000000000000000000000010000000000000000010000010000100000000000000000000010000000000
00100000000000000000111111110010000000000000000000000000000000000010000000000000000000000000001100000000000000000000000000000000
10000000000000100000000000001100000000001100010000000100000000000000000000000000000000000000000000000000000000000000000000000000
01100000010000000010000100000000000000000000000000000000000000000110000010000000000010000000000000000000110000000001100111111111
01100000110000001100000000000000000000000000000000011000000000000110000100000000000000000110000000000000000000000000111111111001
01100001010000000000000000000000000000000000000000000000000000110110000000000000000011000000000000000011000000001001110100000000
01100000010000000010000100000000000000000000000000000000000000000110000010000000000010000000000000000000110000000001100111111111
01100000110000001101110000000000000000000000000000011000000001110110000100000000000000000110000000000000000000000000111111000000
01100001010000000000000000000000010000000010100000000000000000110110000000000000000011000111000000000011000111000111110100000000
01101000010000000010000100000000000000000000000000000000000000000110100010000000000000100000000000000000000000000000000111111111
01101000110000000001110000000000000000000000000000000000000001110110100100000000000000000000000000000000000000000000111111000000
01101001010000000000000000000000000100000001001010000000000000000110100000000000000000000111000000000000000111000010000000000000
01101000010000000010000100000000000000000000000000000000000000000110100010000000000000100000000000000000000000000000000111111111
01101000110000000000000000000000000000000000000000000000000000000110100100000000000000000000000000000000000000000000111111111001
01101001010000000000000000000000000000000000000000000000000010010110100000000000000000000000000000000000000000001101100010000000