11000110110011111111100001011001010010011111011111000111000100100110000011110100111001100010110111111110110001111000110010010110
00010010010011001110101100101010100010110000100011011111000100011000101101101011001010100100011011000101110100100011001010111000
00110010011000000111100010111001101101101111000001001010111010100100010001110000100110110000000011011111011111101110001001111101
01001000100000010101011000001110111110101100110100111011000010101000001111000000000010110010011010001101010010001111110010100101
01000101100001110100111100111110101011110001000011110010100000011010011001111111000010101000000110000011101001100000011010001000
11101011001100101001011000110111000010101000001110110111001000010101110010011010111011001101100101010101111011100100100010001011
10001101010101101001001000011111010100101100010110110100100110010111111111011111001011010110010010101111101100110111110010000000
11110011110001011100000011011001110100101011111000010111111111000001101100011100010111011110110111110100100101001010101101100110
00111111111111011101101001010110010100011101010111011101000001001010100001101100111001100111100000000101001101100001011100101110
11010100011010110101100100000100010100100011101101100101111011011110110011111100000100100000111010100100100001001010110111111100
10000000000000110011010011111110000101011010001110001010111010100101100111010100001110100100101100111111100100111101000011110110
01110000011001111100000110010000100011011001000100000001011011011101111101010101110110011100100001111010111111000001010001101100
01111011110100101010101011000010010010101111011001011011011110110010101101101111010101001100001011001100100010001001011110010001
00010100100000011101000100000000010000001000001100101110011111010011001010100000000010101110001100001101000011011000111110101100
01010100101101011001100010011111000000000000101101000000101110100011110100111000101011101101001110000011011010111100101111001010
01101001101000111010001001100100100100110110111011110110011100101010110000000110010101101110100110101010011100101110111101101110
01001101101101001010000000001110111010011000011101011000010110011010010010101101101000100010010011100010101001010001000100101001
01101000001010001010111110001110101001010001000110101000111111000111011100010011111000110011110010111100101011011001011010100110
01001011110010001110010101110000100110111110000010011011111000010000100100011101101100100010110101100100110010110000101110001000
10010001101000101101100111010100100010100010111011010001001001110010011010100110110100001101111011100001011111000100111101001000
00010011101111011011010000110110010001011110010111100000111101101111101100011011101011010100110110011100010101100100001000001111
10110100011111101111100101000111101010000101110010101011101011100001111101101011011001110010100111000101111111111010000111101010
11001000101001011010111100100100000010111100111011010101101110110101111011101010001110010101000110000001011011010001001010100011
01110110110011110000100111000110010100111110000011101111101101001001100110111101101100111110100010011000110011100010000000111001
11000010001011101001100000010101110000111101001100000011001000111110111011110001100001111001101111101110001100111101011111100100
00100100101010100101101001001100110100001110111000001000010010011100100101111011101100110111011100101110001110110100100111111010
01010110010101011011110001101001101111001101011111111100000101110011010000011100000111000111000010011000101010111001001011111000
01100101000011011101011000001100000010110001000010101101011011010111101000001100000110100111110110011010110100100001001111110000
00110110101010100101010111010100001001001100010011011110010001101101000000001011110000011101100101000001101011111110100000011001
11010101101011101110100010010111000101001011100101000000011010100010111010001110001100100010001010100000111110111010010001110110
01110111011011011010110101100010011010011011011000001011011000001011111000111011010100110100101011010000000100100011110011110000
11101100101001000001000000001100000101000011000111001100000111100011101101101011001011110101100000101000011011101101010000100101
11001111000110001100111011111000010110101001001001100010110110001101000111100100000011101011100010111000011001001010111010010110
10111011100100100100010111111001101100001011101100011011010110011000111000000111101011010010101110111010101111111010010001111011
00010001111001010111000101111111001001100000000000011001000000101010010101110110001001000111110001010010001011110001011111000010
11011100110101100000110100100111011001000111000001101110010111010111100010010010010111001001010101111110101000100110010100100101
00000110010000110000001110000001101000000001000001011100110100101000001101110000110001000100000111100010010000111001011000010000
01100110001110010111011110110000100100110110111011011100110101110000101100111001000000101100000110111001110001010111010111001101
10100100010110010011100111101011100000111111000100110000111101110110001100100100010110110001111101100000111101000101011110101000
01011111110001011110101111001101110110011111111101110111001101001111001101110100011111101110100001111010100110101011100100101000