00100000000000000000000000000001000000000000000000001000000000000010000000000000000000000000000111001000001101000000000000000000
00100000000000000000000000000001000000000001100101010111001110010010000000000000000000000000000101010010000000001010010000000110
00100000000000000000000000100001000000000000000000001000000000000010000000000000000000000010000111001000001101000000000000000000
00100000000000000000000000100001000000000001100101010111001110010010000000000000000000000010000101010010000000001010010000000110
00100000000000000000000010000001000000000000000000001000000000000010000000000000000000001000000111001000001101000000000000000000
00100000000000000000000010000001000000000001100101010111001110010010000000000000000000001000000101010010000000001010010000000110
00100000000000000000000010100001000000000000000000001000000000000010000000000000000000001010000111001000001101000000000000000000
00100000000000000000000010100001000000000001100101010111001110010010000000000000000000001010000101010010000000001010010000000110
00100000000000000000001000000001000000000000000000001000000000000010000000000000000000100000000111001000001101000000000000000000
00100000000000000000001000000001000000000001100101010111001110010010000000000000000000100000000101010010000000001010010000000110
00100000000000000000001000100001000000000000000000001000000000000010000000000000000000100010000111001000001101000000000000000000
00100000000000000000001000100001000000000001100101010111001110010010000000000000000000100010000101010010000000001010010000000110
00100000000000000000001010000001000000000000000000001000000000000010000000000000000000101000000111001000001101000000000000000000
00100000000000000000001010000001000000000001100101010111001110010010000000000000000000101000000101010010000000001010010000000110
00100000000000000000001010100001000000000000000000001000000000000010000000000000000000101010000111001000001101000000000000000000
00100000000000000000001010100001000000000001100101010111001110010010000000000000000000101010000101010010000000001010010000000110
00100000000000000000100000000001000000000000000000001000000000000010000000000000000010000000000111001000001101000000000000000000
00100000000000000000100000000001000000000001100101010111001110010010000000000000000010000000000101010010000000001010010000000110
00100000000000000000100000100001000000000000000000001000000000000010000000000000000010000010000111001000001101000000000000000000
00100000000000000000100000100001000000000001100101010111001110010010000000000000000010000010000101010010000000001010000000000110
00100000000000000000000001000001000000000000000000001000000000000010000000000000000000000100000111001000001101000000000000000000
00100000000000000000000001000001000000000001100101010111001110010010000000000000000000000100000101010010000000001010010000000110
00100000000000000000000001100001000000000000000000001000000000000010000000000000000000000110000111001000001101000000000000000000
00100000000000000000000001100001000000000001100101010111001110010010000000000000000000000110000101010010000000001010010000000110
00100000000000000000000011000001000000000000000000001000000000000010000000000000000000001100000111001000001101000000000000000000
00100000000000000000000011000001000000000001100101010111001110010010000000000000000000001100000101010010000000001010010000000110
00100000000000000000000011100001000000000000000000001000000000000010000000000000000000001110000111001000001101000000000000000000
00100000000000000000000011100001000000000001100101010111001110010010000000000000000000001110000101010010000000001010010000000110
00100000000000000000001001000001000000000000000000001000000000000010000000000000000000100100000111001000001101000000000000000000
00100000000000000000001001000001000000000001100101010111001110010010000000000000000000100100000101010010000000001010010000000110
00100000000000000000001001100001000000000000000000001000000000000010000000000000000000100110000111001000001101000000000000000000
00100000000000000000001001100001000000000001100101010111001110010010000000000000000000100110000101010010000000001010010000000110
00100000000000000000001011000001000000000000000000001000000000000010000000000000000000101100000111001000001101000000000000000000
00100000000000000000001011000001000000000001100101010111001110010010000000000000000000101100000101010010000000001010010000000110
00100000000000000000001011100001000000000000000000001000000000000010000000000000000000101110000111001000001101000000000000000000
00100000000000000000001011100001000000000001100101010111001110010010000000000000000000101110000101010010000000001010010000000110
00100000000000000000100001000001000000000000000000001000000000000010000000000000000010000100000111001000001101000000000000000000
00100000000000000000100001000001000000000001100101010111001110010010000000000000000010000100000101010010000000001010010000000110
00100000000000000000100001100001000000000000000000001000000000000010000000000000000010000110000111001000001101000000000000000000
00100000000000000000100001100001000000000001100101010111001110010010000000000000000010000110000101010010000000001010000000000110
00100000000000000000000100000001000000000000000000001000000000000010000000000000000000010000000111001000001101000000000000000000
00100000000000000000000100000001000000000001100101010111001110010010000000000000000000010000000101010010000000001010010000000110
00100000000000000000000100100001000000000000000000001000000000000010000000000000000000010010000111001000001101000000000000000000
00100000000000000000000100100001000000000001100101010111001110010010000000000000000000010010000101010010000000001010010000000110
00100000000000000000000110000001000000000000000000001000000000000010000000000000000000011000000111001000001101000000000000000000
00100000000000000000000110000001000000000001100101010111001110010010000000000000000000011000000101010010000000001010010000000110
00100000000000000000000110100001000000000000000000001000000000000010000000000000000000011010000111001000001101000000000000000000
00100000000000000000000110100001000000000001100101010111001110010010000000000000000000011010000101010010000000001010010000000110
00100000000000000000001100000001000000000000000000001000000000000010000000000000000000110000000111001000001101000000000000000000
00100000000000000000001100000001000000000001100101010111001110010010000000000000000000110000000101010010000000001010010000000110
00100000000000000000001100100001000000000000000000001000000000000010000000000000000000110010000111001000001101000000000000000000
00100000000000000000001100100001000000000001100101010111001110010010000000000000000000110010000101010010000000001010010000000110
00100000000000000000001110000001000000000000000000001000000000000010000000000000000000111000000111001000001101000000000000000000
00100000000000000000001110000001000000000001100101010111001110010010000000000000000000111000000101010010000000001010010000000110
00100000000000000000001110100001000000000000000000001000000000000010000000000000000000111010000111001000001101000000000000000000
00100000000000000000001110100001000000000001100101010111001110010010000000000000000000111010000101010010000000001010010000000110
00100000000000000000100100000001000000000000000000001000000000000010000000000000000010010000000111001000001101000000000000000000
00100000000000000000100100000001000000000001100101010111001110010010000000000000000010010000000101010010000000001010010000000110
00100000000000000000100100100001000000000000000000001000000000000010000000000000000010010010000111001000001101000000000000000000
00100000000000000000100100100001000000000001100101010111001110010010000000000000000010010010000101010010000000001010000000000110
00100000000000000000000101000001000000000000000000001000000000000010000000000000000000010100000111001000001101000000000000000000
00100000000000000000000101000001000000000001100101010111001110010010000000000000000000010100000101010010000000001010010000000100
00100000000000000000000101100001000000000000000000001000000000000010000000000000000000010110000111001000001101000000000000000000
00100000000000000000000101100001000000000001100101010111001110010010000000000000000000010110000101010010000000001010010000000100
00100000000000000000000111000001000000000000000000001000000000000010000000000000000000011100000111001000001101000000000000000000
00100000000000000000000111000001000000000001100101010111001110010010000000000000000000011100000101010010000000001010010000000100
00100000000000000000000111100001000000000000000000001000000000000010000000000000000000011110000111001000001101000000000000000000
00100000000000000000000111100001000000000001100101010111001110010010000000000000000000011110000101010010000000001010010000000100
00100000000000000000001101000001000000000000000000001000000000000010000000000000000000110100000111001000001101000000000000000000
00100000000000000000001101000001000000000001100101010111001110010010000000000000000000110100000101010010000000001010010000000100
00100000000000000000001101100001000000000000000000001000000000000010000000000000000000110110000111001000001101000000000000000000
00100000000000000000001101100001000000000001100101010111001110010010000000000000000000110110000101010010000000001010010000000100
00100000000000000000001111000001000000000000000000001000000000000010000000000000000000111100000111001000001101000000000000000000
00100000000000000000001111000001000000000001100101010111001110010010000000000000000000111100000101010010000000001010010000000100
00100000000000000000001111100001000000000000000000001000000000000010000000000000000000111110000111001000001101000000000000000000
00100000000000000000001111100001000000000001100101010111001110010010000000000000000000111110000101010010000000001010010000000100
00100000000000000000100101000001000000000000000000001000000000000010000000000000000010010100000111001000001101000000000000000000
00100000000000000000100101000001000000000001100101010111001110010010000000000000000010010100000101010010000000001010010000000100
00100000000000000000100101100001000000000000000000001000000000000010000000000000000010010110000111001000001101000000000000000000
00100000000000000000100101100001000000000001100101010111001110010010000000000000000010010110000101010010000000001010000000000100
00100000000000000000111111110010000000000000000000000000000000000010000000000000000000000000001100000000000000000000000000000000
11111111111111000000001110010000000000001011010000111111111111110000000000000000000000000000000000000000000000000000000000000000
01100000010000000010000100000000000000000000000000000000000000000110000010000000000010000000000000000000110000000001100111111111
01100000110000011100000000000000000000000000000000111000000000000110000100000000000000000110000000000000000000000000111111111001
01100001010000000000000000000000000000000000000000000000000000110110000000000000000111000000000000000111000000001001110100000000
01100100010000000010000010000000000000000000000000000000000000000110010010000000000100100000000000000010000000000100100111111111
01100100110000111100000000000000000000000000000001111000000000000110010100000000000000010000000000000000000000000000111111111001
01100101010000000000000000000000000000000000000000000000000010000110010000000000001111000000000000001111000000001000000001000000
01100000010000000010000100000000000000000000000000000000000000000110000010000000000010000000000000000000110000000001100111111111
01100000110000010101110000000000000000001000000000101001111111110110000100111111000000000101111110000000000000000000000000000010
01100001010000000000000000000000110000000010100000000000000000110110000000000000000101000111000000000101000111000111110100000000
01100100010000000010000010000000000000000000000000000000000000000110010010000000000100100000000000000010000000000100100111111111
01100100110000100101110000000110000000100000000001001001111111110110010100000000000000000000000000000000000000000000000000000010
01100101010000000000000000000010010000000010110010000000000010000110010000000000001001000000000000001001000111000110000001000000
01101000010000000010000100000000000000000000000000000000000000000110100010000000000010000000000000000000110000000001100000001001
01101000110000001110010000000000000000000000000000011000000010010110100100000000000000000110000000000000000000000000000000000010
01101001010000000000000000000000000000010001001010000000000100010110100000000000000101001001000000000101001001010011001010000000
01101000010000000010000100000000000000000000000000000000000000000110100010000000000010000000000000000000110000000001100000001001
01101000110000001100000000000000000000000000000000011000000000000110100100000000000000000110000000000000000000000000000001001001
01101001010000000000000000000000000000000000000000000000000100010110100000000000000101000000000000000101000000010101001010000000