00001100000111011001111100000001001000011010100101100100000001101100001100010111111100100111100001001111011011111001001000111000
11110001101100011110001010000010110010001000000000110111100110100011101001001010000011010010110111010101101001010001000110101011
10011011111001000011010010111101100110111110101010001011100101101100111010101110111010011000110110000111100110100001011101111010
10110111100001101100110111000011100000001110000010010000100111111011001110111111010000011000011101111100001001100100100100100100
01010111011001011001101110010111100011100100101111000101011101101100000011111011010111000110011011100100000001000100110000101011
10011001001100101011011000001011100110000010011111110110101110110010001001011111100101010111001011011100010010110011101101000101
10010010111000101101001100010111000001111000101100000001111000001000011000001111001110100010011101111000101100110100000100110010
00000100111101001100000010111011101011110011000001110011010001111010010101000001111011000011110101111010011011111011111001100100
00101011010000000101010001010011000100000011100111010000000101001101000111101100011010001101101100111010001000010010001110100011
00010101110010001011000100010011011010001110101110111101111101101001111011011100000100000110100101000010010111001011001101101110
10100110000000110100010100001111010001111001010011110101000100011001001110001110001100011010001111010100010011110110001110110110
10101111010000110011001100101001001111011000011010010000111101101000010110010101110011101000000000101101101110000101001000011101
00111011011011001001001011111100111001011010010001010111110101111100010010101001010010111100111000001111111010110111110011111100
01000010000101000011001000110010011011100100100011100001000011000100000000001001110111110101001011111100010111000101111101000010
10000011011010101110111101100110101001010110000100101101111010110101110000011001000000011011010110101100100011101011000001000001
00010100011011101100100111001001101100111100000111011111100011000111001111010100101011011101011011111100110110001110100001011010
00110000100101011110011101101001100101011000111001001101101001101011101100011101100111101000001010101100110111000110001110010100
10110110100000011111111101111010000111000011010001101111010010000011011101000001110001111101100011111100001010101101001101001101
01001100010011101100110011110011101111001001110011111101001111111011010111100010100000101011101111101001111110001110100011110101
01001100011111101011010100000010011010010100110100010001000100110010000101100000101100111101110101011101001100101101111000010110
00111011111100111011010111011001111101100011111100001000000111100000011101000000000100110100010010101110101000001011000000100110
00111000101000011010110110001001001001000010101010010111000011001011101010001000100000001000011111011110010001100010000101101011
11000001011000101011101100101001010101100111101100111100000011110101111101000000001110111000111110111100100011100111010100101011
11110000001000101100100010101001111011011001101001110000100000010111110010000101111011000001100010111001011111011000110000111000
00001001011101100000010000111000000100000101010000010001100110101110000011001111010000001001000000010010011010010000000111101000
10011111011110001001000111011111001110011011001100011010001111110000100011011010011010000011101011101111110000010001011000100010
10110100110111101010111011111101011100010001100101111110101001110010001110101101100101100000010011010010010101100110101011111001
00010110000100111011111011010111111100001000011111000000001011001010000100000000000011101100101010100111101111100100101010110100
11111100110110111111001101101100110101101110100010111001000111010000111110000111111001001111010110000101011001010010101101011110
00011000011000011001001000111001100000010111010110000111110100010110001101111001011010000010000011010011010011011100111111010000
10110110001000110010101011011101000111111010101100010001111001110010110001101100100001100111000010110100100100111111011010011001
00011010110010111011000101001111101111001100000110000000010000110001001111011011101010001100000100011111010010100111011000100011
01110111010101101001101111100110110100111111011010101110011110101010010000100001000010000111110011010101000101111101111011001011
10010010001110000110011001001100010111100110101101100111000110001110010111111100001011101111000110110110001110010111010110010101
11101110110111010010111001100110111110101001100000001010000101101000010001011010101101011100101101011100010011001001101001110011
01000100110101101100000011010010100111000000001111010101101100111100100111100100111111111000000100111110010010100100010010110111
11101111011010111011011110000011011100010010010110111010001001110000101100111111001011111011010011001111101000101100011001001100
00111000011000101011000011011110011110000100000011011010100010001011110111011011110011011110001100000001110010011000101110000110
10101001001111100100010100101011001011110010000100011110010010111101011000010110100110001000001111010001001000000100010011100011
11100001100011010111010000001111011101011011111100101110111100111111011100100111110100101010011101000101011110100011001011110100