00100000000000000000000000000001000000000000000000001000000000000010000000000000000000000000000110110000001101111111111111111111
00100000000000000000000000000001111100000010010110001011001110010010000000000000000000000000000101010010000000001010010000000110
00100000000000000000000000100001000000000000000000001000000000000010000000000000000000000010000110110000001101111111111111111111
00100000000000000000000000100001111100000010010110001011001110010010000000000000000000000010000101010010000000001010000000000110
00100000000000000000000001000001000000000000000000001000000000000010000000000000000000000100000110110000001101111111111111111111
00100000000000000000000001000001111100000010010110001011001110010010000000000000000000000100000101010010000000001010010000000110
00100000000000000000000001100001000000000000000000001000000000000010000000000000000000000110000110110000001101111111111111111111
00100000000000000000000001100001111100000010010110001011001110010010000000000000000000000110000101010010000000001010000000000110
00100000000000000000000100000001000000000000000000001000000000000010000000000000000000010000000110110000001101111111111111111111
00100000000000000000000100000001111110101001000010110011001110010010000000000000000000010000000101010010000000001010010000000110
00100000000000000000000100100001000000000000000000001000000000000010000000000000000000010010000110110000001101111111111111111111
00100000000000000000000100100001111110101001000010110011001110010010000000000000000000010010000101010010000000001010000000000110
00100000000000000000000101000001000000000000000000001000000000000010000000000000000000010100000110110000001101111111111111111111
00100000000000000000000101000001111110101001000010110011001110010010000000000000000000010100000101010010000000001010010000000100
00100000000000000000000101100001000000000000000000001000000000000010000000000000000000010110000110110000001101111111111111111111
00100000000000000000000101100001111110101001000010110011001110010010000000000000000000010110000101010010000000001010000000000100
00100000000000000000111111110010000000000000000000000000000000000010000000000000000000000000001100000000000000000000000000000000
10000000000000000000001100010000000000001011010000111100000000110000000000000000000000000000000000000000000000000000000000000000
01100000010000000010000100000000000000000000000000000000000000000110000010000000000010000000000000000000110000000001100111111111
01100000110000011100000000000000000000000000000000111000000000000110000100000000000000000110000000000000000000000000111111111001
01100001010000000000000000000000000000000000000000000000000000110110000000000000000111000000000000000111000000001000101001000000
01100000010000000010000100000000000000000000000000000000000000000110000010000000000010000000000000000000110000000001100111111111
01100000110000010101110000000000000000001000000000101001111111110110000100111111000000000101111110000000000000000000000000000010
01100001010000000000000000000000110000000010100000000000000000110110000000000000000101000111000000000101000111000110101001000000
01100100010000000010000010000000000000000000000000000000000000000110010010000000000100100000000000000010000000000000100111111111
01100100110000111100000000000000000000000000000001111000000000000110010100000000000000010000000000000000000000000000111111111001
01100101010000000000000000000000000000000000000000000000000001110110010000000000001111000000000000001111000000001000101010010000
01100100010000000010000010000000000000000000000000000000000000000110010010000000000100100000000000000010000000000000100111111111
01100100110000000101110000000110000000100000000000001001111111110110010100000000000000000000000000000000000000000000000000000010
01100101010000000000000000000010010000000010110010000000000001110110010000000000000001000000000000000001000111000110101010010000
01101000010000000010000100000000000000000000000000000000000000000110100010000000000010000000000000000000110000000001100000000001
01101000110000001100010000000000000000000000000000011000000000010110100100000000000000000110000000000000000000000000000000000010
01101001010000000000000000000000000000010001001010000000000100000110100000000000000101000001000000000101000001010010101011010000
01101000010000000010000100000000000000000000000000000000000000000110100010000000000010000000000000000000110000000001100000000001
01101000110000001100000000000000000000000000000000011000000000000110100100000000000000000110000000000000000000000000000000001001
01101001010000000000000000000000000000000000000000000000000100000110100000000000000101000000000000000101000000010100101011010000